0
SECTION
2
HEADER
9
$INSUNITS
70
4
9
$ACADVER
1
AC1014
9
$HANDSEED
5
FFFF
0
ENDSEC
0
SECTION
2
TABLES
0
TABLE
2
VPORT
5
8
100
AcDbSymbolTable
0
ENDTAB
0
TABLE
2
LTYPE
5
5
100
AcDbSymbolTable
0
LTYPE
5
14
100
AcDbSymbolTableRecord
100
AcDbLinetypeTableRecord
2
BYBLOCK
70
0
0
LTYPE
5
15
100
AcDbSymbolTableRecord
100
AcDbLinetypeTableRecord
2
BYLAYER
70
0
0
LTYPE
5
16
100
AcDbSymbolTableRecord
100
AcDbLinetypeTableRecord
2
DASHED
70
0
3
Dashed __ __ __ __ __ __ __ __ __ __ __ __ __ _
72
65
73
2
40
0.75
49
0.5
74
0
49
-0.25
74
0
0
ENDTAB
0
TABLE
2
LAYER
5
2
100
AcDbSymbolTable
70
2
0
LAYER
5
50
100
AcDbSymbolTableRecord
100
AcDbLayerTableRecord
2
0
70
0
62
7
6
CONTINUOUS
0
ENDTAB
0
TABLE
2
STYLE
5
3
100
AcDbSymbolTable
70
1
0
STYLE
5
11
100
AcDbSymbolTableRecord
100
AcDbTextStyleTableRecord
2
STANDARD
70
0
0
ENDTAB
0
TABLE
2
VIEW
5
6
100
AcDbSymbolTable
70
0
0
ENDTAB
0
TABLE
2
UCS
5
7
100
AcDbSymbolTable
70
0
0
ENDTAB
0
TABLE
2
APPID
5
9
100
AcDbSymbolTable
70
2
0
APPID
5
12
100
AcDbSymbolTableRecord
100
AcDbRegAppTableRecord
2
ACAD
70
0
0
ENDTAB
0
TABLE
2
DIMSTYLE
5
A
100
AcDbSymbolTable
70
1
0
ENDTAB
0
TABLE
2
BLOCK_RECORD
5
1
100
AcDbSymbolTable
70
1
0
BLOCK_RECORD
5
1F
100
AcDbSymbolTableRecord
100
AcDbBlockTableRecord
2
*MODEL_SPACE
0
BLOCK_RECORD
5
1B
100
AcDbSymbolTableRecord
100
AcDbBlockTableRecord
2
*PAPER_SPACE
0
ENDTAB
0
ENDSEC
0
SECTION
2
BLOCKS
0
BLOCK
5
20
100
AcDbEntity
100
AcDbBlockBegin
2
*MODEL_SPACE
0
ENDBLK
5
21
100
AcDbEntity
100
AcDbBlockEnd
0
BLOCK
5
1C
100
AcDbEntity
100
AcDbBlockBegin
2
*PAPER_SPACE
0
ENDBLK
5
1D
100
AcDbEntity
100
AcDbBlockEnd
0
ENDSEC
0
SECTION
2
ENTITIES
0
LWPOLYLINE
5
100
100
AcDbEntity
8
0
100
AcDbPolyline
90
8
70
1
43
0.0
10
98.618249999999989
20
-73.234103253695338
10
91.818250000000035
20
-73.234103253695338
42
-0.41421356237310025
10
91.318250000000006
20
-72.734103253695324
10
91.318249999999992
20
-58.334103253695346
42
-0.41421356237309503
10
91.818250000000006
20
-57.834103253695346
10
98.618249999999989
20
-57.834103253695346
42
-0.41421356237309503
10
99.118250000000003
20
-58.334103253695353
10
99.118250000000003
20
-72.734103253695338
42
-0.41421356237309503
0
LWPOLYLINE
5
101
100
AcDbEntity
8
0
100
AcDbPolyline
90
8
70
1
43
0.0
10
100.15625
20
-72.734103253695338
42
0.41421356237310025
10
100.65625
20
-73.234103253695352
10
113.65625000000001
20
-73.234103253695338
42
0.41421356237310025
10
114.15625000000003
20
-72.734103253695352
10
114.15625000000003
20
-59.734103253695352
42
0.41421356237310025
10
113.65625000000001
20
-59.234103253695345
10
100.65625
20
-59.234103253695352
42
0.41421356237310025
10
100.15625
20
-59.734103253695345
0
LWPOLYLINE
5
102
100
AcDbEntity
8
0
100
AcDbPolyline
90
8
70
1
43
0.0
10
115.19425000000001
20
-72.734103253695324
10
115.19425000000001
20
-58.334103253695346
42
-0.41421356237309503
10
115.69425000000003
20
-57.834103253695346
10
122.49424999999999
20
-57.834103253695346
42
-0.41421356237309503
10
122.99424999999999
20
-58.334103253695353
10
122.99424999999999
20
-72.734103253695338
42
-0.41421356237309503
10
122.49424999999999
20
-73.234103253695338
10
115.69425000000004
20
-73.234103253695338
42
-0.41421356237310025
0
LWPOLYLINE
5
103
100
AcDbEntity
8
0
100
AcDbPolyline
90
11
70
1
43
0.0
10
126.34999999999999
20
-72.734103253695338
42
0.414213562373069
10
126.84999999999999
20
-73.234103253695352
10
146.24325000000002
20
-73.234103253695338
42
0.41421356237309503
10
146.74325000000002
20
-72.734103253695338
10
146.74325000000002
20
-58.334103253695353
42
0.41421356237309503
10
146.24325000000002
20
-57.834103253695346
10
139.44325000000003
20
-57.834103253695346
42
0.41421356237309503
10
138.94325000000003
20
-58.334103253695346
10
138.94325000000003
20
-59.234103253695345
10
126.85000000000001
20
-59.234103253695352
42
0.414213562373069
10
126.34999999999999
20
-59.734103253695345
0
LWPOLYLINE
5
104
100
AcDbEntity
8
0
100
AcDbPolyline
90
8
70
1
43
0.0
10
147.78125
20
-72.734103253695338
42
0.41421356237310025
10
148.28125
20
-73.234103253695352
10
161.28125
20
-73.234103253695338
42
0.414213562373069
10
161.78125
20
-72.734103253695352
10
161.78125
20
-59.734103253695352
42
0.41421356237313667
10
161.28125
20
-59.234103253695338
10
148.28125
20
-59.234103253695352
42
0.41421356237310025
10
147.78125
20
-59.734103253695345
0
LWPOLYLINE
5
105
100
AcDbEntity
8
0
100
AcDbPolyline
90
8
70
1
43
0.0
10
162.81925000000001
20
-72.734103253695324
10
162.81925000000001
20
-58.334103253695346
42
-0.41421356237309503
10
163.31925000000001
20
-57.834103253695346
10
170.11924999999997
20
-57.834103253695346
42
-0.41421356237309503
10
170.61924999999999
20
-58.334103253695353
10
170.61924999999999
20
-72.734103253695338
42
-0.41421356237309503
10
170.11924999999997
20
-73.234103253695338
10
163.31925000000001
20
-73.234103253695338
42
-0.41421356237310025
0
LWPOLYLINE
5
106
100
AcDbEntity
8
0
100
AcDbPolyline
90
14
70
1
43
0.0
10
183.5
20
-72.734103253695338
42
0.41421356237313667
10
184.00000000000003
20
-73.234103253695352
10
197.00000000000003
20
-73.234103253695338
42
0.41421356237301699
10
197.50000000000003
20
-72.734103253695352
10
197.50000000000003
20
-59.734103253695352
42
0.41421356237312623
10
197.00000000000003
20
-59.234103253695338
10
194.40000000000001
20
-59.234103253695345
10
194.40000000000001
20
-58.334103253695353
42
0.41421356237309503
10
193.90000000000001
20
-57.834103253695346
10
187.10000000000002
20
-57.834103253695346
42
0.41421356237309503
10
186.59999999999999
20
-58.334103253695346
10
186.59999999999999
20
-59.234103253695345
10
184.00000000000003
20
-59.234103253695352
42
0.414213562373069
10
183.5
20
-59.734103253695345
0
LWPOLYLINE
5
107
100
AcDbEntity
8
0
100
AcDbPolyline
90
8
70
1
43
0.0
10
204.93125000000003
20
-72.734103253695338
42
0.41421356237312623
10
205.43125000000003
20
-73.234103253695338
10
218.43125000000001
20
-73.234103253695338
42
0.41421356237301699
10
218.93125000000001
20
-72.734103253695352
10
218.93125000000001
20
-59.734103253695352
42
0.41421356237312623
10
218.43125000000001
20
-59.234103253695345
10
205.43125000000003
20
-59.234103253695352
42
0.41421356237301699
10
204.93125000000003
20
-59.734103253695345
0
LWPOLYLINE
5
108
100
AcDbEntity
8
0
100
AcDbPolyline
90
8
70
1
43
0.0
10
226.36250000000001
20
-72.734103253695338
42
0.41421356237312623
10
226.86250000000001
20
-73.234103253695338
10
239.86250000000001
20
-73.234103253695338
42
0.414213562373069
10
240.36250000000001
20
-72.734103253695352
10
240.36250000000001
20
-59.734103253695352
42
0.41421356237313667
10
239.86250000000001
20
-59.234103253695345
10
226.86250000000001
20
-59.234103253695352
42
0.41421356237301699
10
226.36250000000001
20
-59.734103253695345
0
LWPOLYLINE
5
109
100
AcDbEntity
8
0
100
AcDbPolyline
90
8
70
1
43
0.0
10
247.79374999999999
20
-72.734103253695338
42
0.41421356237312623
10
248.29374999999999
20
-73.234103253695338
10
261.29374999999999
20
-73.234103253695338
42
0.414213562373069
10
261.79374999999999
20
-72.734103253695352
10
261.79374999999999
20
-59.734103253695352
42
0.41421356237313667
10
261.29374999999999
20
-59.234103253695345
10
248.29374999999999
20
-59.234103253695352
42
0.41421356237301699
10
247.79374999999999
20
-59.734103253695345
0
LWPOLYLINE
5
110
100
AcDbEntity
8
0
100
AcDbPolyline
90
8
70
1
43
0.0
10
40.625
20
-15.584103253695352
42
0.41421356237309503
10
41.125
20
-16.08410325369535
10
54.125000000000007
20
-16.084103253695353
42
0.41421356237309503
10
54.625
20
-15.58410325369535
10
54.625
20
-2.5841032536953494
42
0.41421356237309437
10
54.125000000000007
20
-2.0841032536953503
10
41.125
20
-2.0841032536953499
42
0.41421356237309503
10
40.625
20
-2.5841032536953512
0
LWPOLYLINE
5
111
100
AcDbEntity
8
0
100
AcDbPolyline
90
8
70
1
43
0.0
10
97.775000000000006
20
-15.584103253695352
10
97.774999999999977
20
-2.5841032536953512
42
-0.41421356237310641
10
98.275000000000006
20
-2.0841032536953499
10
111.27500000000001
20
-2.0841032536953428
42
-0.4142135623730947
10
111.77500000000002
20
-2.5841032536953494
10
111.77500000000002
20
-15.58410325369535
42
-0.41421356237310802
10
111.27500000000001
20
-16.084103253695353
10
98.275000000000006
20
-16.084103253695361
42
-0.41421356237309631
0
LWPOLYLINE
5
112
100
AcDbEntity
8
0
100
AcDbPolyline
90
8
70
1
43
0.0
10
60.174999999999997
20
-2.0841032536953499
42
0.41421356237309664
10
59.675000000000004
20
-2.584103253695349
10
59.675000000000004
20
-15.584103253695352
42
0.41421356237309764
10
60.174999999999997
20
-16.08410325369535
10
73.174999999999997
20
-16.084103253695353
42
0.41421356237309503
10
73.674999999999997
20
-15.58410325369535
10
73.674999999999997
20
-2.5841032536953494
42
0.41421356237309437
10
73.174999999999997
20
-2.0841032536953503
0
LWPOLYLINE
5
113
100
AcDbEntity
8
0
100
AcDbPolyline
90
8
70
1
43
0.0
10
16.525000000000002
20
-2.5841032536953494
42
0.41421356237309309
10
16.024999999999999
20
-2.0841032536953481
10
3.0249999999999999
20
-2.0841032536953499
42
0.41421356237309631
10
2.5249999999999999
20
-2.5841032536953512
10
2.5249999999999999
20
-15.584103253695352
42
0.4142135623730947
10
3.0249999999999999
20
-16.08410325369535
10
16.024999999999999
20
-16.084103253695353
42
0.4142135623730937
10
16.525000000000002
20
-15.58410325369535
0
LWPOLYLINE
5
114
100
AcDbEntity
8
0
100
AcDbPolyline
90
8
70
1
43
0.0
10
35.575000000000003
20
-2.5841032536953494
10
35.575000000000003
20
-15.58410325369535
42
-0.41421356237308982
10
35.075000000000003
20
-16.084103253695353
10
22.075000000000003
20
-16.084103253695353
42
-0.41421356237309631
10
21.575000000000003
20
-15.584103253695352
10
21.575000000000003
20
-2.5841032536953512
42
-0.41421356237309631
10
22.074999999999999
20
-2.0841032536953499
10
35.075000000000003
20
-2.0841032536953503
42
-0.4142135623730957
0
LWPOLYLINE
5
115
100
AcDbEntity
8
0
100
AcDbPolyline
90
8
70
1
43
0.0
10
4.90625
20
-72.734103253695338
10
4.9062499999999973
20
-59.734103253695345
42
-0.41421356237309176
10
5.4062499999999991
20
-59.234103253695352
10
18.40625
20
-59.234103253695352
42
-0.41421356237309631
10
18.906250000000004
20
-59.734103253695352
10
18.906250000000004
20
-72.734103253695338
42
-0.41421356237309243
10
18.40625
20
-73.234103253695338
10
5.4062499999999991
20
-73.234103253695338
42
-0.41421356237309631
0
LWPOLYLINE
5
116
100
AcDbEntity
8
0
100
AcDbPolyline
90
8
70
1
43
0.0
10
79.224999999999994
20
-2.0841032536953503
10
92.224999999999994
20
-2.0841032536953428
42
-0.4142135623730947
10
92.725000000000009
20
-2.5841032536953494
10
92.725000000000009
20
-15.58410325369535
42
-0.41421356237310802
10
92.224999999999994
20
-16.084103253695353
10
79.224999999999994
20
-16.084103253695353
42
-0.41421356237309764
10
78.724999999999994
20
-15.584103253695352
10
78.724999999999994
20
-2.5841032536953512
42
-0.41421356237309764
0
LWPOLYLINE
5
117
100
AcDbEntity
8
0
100
AcDbPolyline
90
8
70
1
43
0.0
10
187.97499999999999
20
-2.5841032536953494
42
0.41421356237313306
10
187.47499999999999
20
-2.0841032536953485
10
174.47500000000002
20
-2.0841032536953499
42
0.41421356237307844
10
173.97500000000002
20
-2.5841032536953512
10
173.97500000000002
20
-15.584103253695352
42
0.41421356237313406
10
174.47500000000002
20
-16.08410325369535
10
187.47499999999999
20
-16.084103253695353
42
0.41421356237307944
10
187.97499999999999
20
-15.58410325369535
0
LWPOLYLINE
5
118
100
AcDbEntity
8
0
100
AcDbPolyline
90
8
70
1
43
0.0
10
136.375
20
-2.0841032536953503
10
149.375
20
-2.0841032536953428
42
-0.4142135623730947
10
149.875
20
-2.5841032536953494
10
149.875
20
-15.58410325369535
42
-0.41421356237310802
10
149.375
20
-16.084103253695353
10
136.375
20
-16.084103253695361
42
-0.41421356237307549
10
135.875
20
-15.584103253695352
10
135.875
20
-2.5841032536953512
42
-0.41421356237307522
0
LWPOLYLINE
5
119
100
AcDbEntity
8
0
100
AcDbPolyline
90
8
70
1
43
0.0
10
117.32500000000002
20
-2.0841032536953499
42
0.41421356237310542
10
116.82499999999999
20
-2.584103253695349
10
116.82500000000002
20
-15.584103253695352
42
0.41421356237309631
10
117.32500000000002
20
-16.08410325369535
10
130.32499999999999
20
-16.084103253695353
42
0.41421356237310802
10
130.82499999999999
20
-15.58410325369535
10
130.82499999999999
20
-2.5841032536953494
42
0.4142135623730947
10
130.32499999999999
20
-2.0841032536953503
0
LWPOLYLINE
5
120
100
AcDbEntity
8
0
100
AcDbPolyline
90
8
70
1
43
0.0
10
207.02500000000003
20
-2.5841032536953494
10
207.02500000000003
20
-15.58410325369535
42
-0.41421356237304818
10
206.52500000000003
20
-16.084103253695353
10
193.52500000000003
20
-16.084103253695353
42
-0.41421356237313406
10
193.02500000000003
20
-15.584103253695352
10
193.02499999999998
20
-2.5841032536953512
42
-0.41421356237307844
10
193.52500000000003
20
-2.0841032536953499
10
206.52500000000003
20
-2.0841032536953308
42
-0.41421356237310186
0
LWPOLYLINE
5
121
100
AcDbEntity
8
0
100
AcDbPolyline
90
8
70
1
43
0.0
10
155.42500000000001
20
-2.0841032536953499
42
0.41421356237307422
10
154.92500000000001
20
-2.584103253695349
10
154.92500000000001
20
-15.584103253695352
42
0.41421356237307549
10
155.42500000000001
20
-16.084103253695357
10
168.42500000000001
20
-16.084103253695353
42
0.41421356237304818
10
168.92500000000001
20
-15.58410325369535
10
168.92500000000001
20
-2.5841032536953494
42
0.41421356237310186
10
168.42500000000001
20
-2.0841032536953503
0
LWPOLYLINE
5
122
100
AcDbEntity
8
0
100
AcDbPolyline
90
8
70
1
43
0.0
10
225.57500000000002
20
-16.084103253695353
42
0.4142135623730781
10
226.07500000000005
20
-15.584103253695352
10
226.07500000000002
20
-2.5841032536953494
42
0.41421356237313306
10
225.57500000000002
20
-2.0841032536953428
10
212.57499999999999
20
-2.0841032536953499
42
0.41421356237302642
10
212.07499999999999
20
-2.5841032536953512
10
212.07499999999999
20
-15.584103253695352
42
0.41421356237312362
10
212.57499999999999
20
-16.084103253695357
0
LWPOLYLINE
5
123
100
AcDbEntity
8
0
100
AcDbPolyline
90
8
70
1
43
0.0
10
116.03749999999999
20
-35.134103253695351
10
103.03750000000001
20
-35.134103253695358
42
-0.41421356237309243
10
102.53749999999999
20
-34.634103253695358
10
102.53749999999999
20
-21.634103253695347
42
-0.41421356237310542
10
103.03750000000001
20
-21.134103253695351
10
116.03749999999999
20
-21.134103253695343
42
-0.41421356237307161
10
116.53750000000001
20
-21.634103253695347
10
116.53749999999999
20
-34.634103253695358
42
-0.41421356237307422
0
LWPOLYLINE
5
124
100
AcDbEntity
8
0
100
AcDbPolyline
90
8
70
1
43
0.0
10
5.4062499999999991
20
-21.134103253695351
10
18.40625
20
-21.134103253695351
42
-0.41421356237309503
10
18.906250000000004
20
-21.634103253695347
10
18.906250000000004
20
-34.634103253695358
42
-0.41421356237309631
10
18.40625
20
-35.134103253695351
10
5.4062499999999991
20
-35.134103253695351
42
-0.41421356237309503
10
4.90625
20
-34.634103253695358
10
4.90625
20
-21.634103253695347
42
-0.4142135623730957
0
LWPOLYLINE
5
125
100
AcDbEntity
8
0
100
AcDbPolyline
90
8
70
1
43
0.0
10
207.3125
20
-53.684103253695355
42
0.41421356237312101
10
207.8125
20
-54.184103253695341
10
220.8125
20
-54.184103253695355
42
0.41421356237307422
10
221.3125
20
-53.684103253695355
10
221.3125
20
-40.684103253695341
42
0.41421356237313667
10
220.8125
20
-40.184103253695341
10
207.8125
20
-40.184103253695341
42
0.4142135623730222
10
207.3125
20
-40.684103253695341
0
LWPOLYLINE
5
126
100
AcDbEntity
8
0
100
AcDbPolyline
90
8
70
1
43
0.0
10
64.4375
20
-34.634103253695358
10
64.437500000000014
20
-21.634103253695347
42
-0.41421356237309764
10
64.9375
20
-21.134103253695351
10
77.9375
20
-21.134103253695351
42
-0.41421356237309503
10
78.4375
20
-21.634103253695347
10
78.4375
20
-34.634103253695358
42
-0.41421356237309503
10
77.9375
20
-35.134103253695351
10
64.9375
20
-35.134103253695358
42
-0.41421356237309764
0
LWPOLYLINE
5
127
100
AcDbEntity
8
0
100
AcDbPolyline
90
8
70
1
43
0.0
10
245.12500000000003
20
-2.5841032536953494
42
0.41421356237313306
10
244.62500000000003
20
-2.0841032536953485
10
231.625
20
-2.0841032536953499
42
0.41421356237302642
10
231.125
20
-2.5841032536953512
10
231.125
20
-15.584103253695352
42
0.41421356237312362
10
231.625
20
-16.08410325369535
10
244.62500000000003
20
-16.084103253695353
42
0.41421356237307944
10
245.12500000000003
20
-15.58410325369535
0
LWPOLYLINE
5
128
100
AcDbEntity
8
0
100
AcDbPolyline
90
8
70
1
43
0.0
10
45.887500000000003
20
-21.134103253695351
10
58.88750000000001
20
-21.134103253695351
42
-0.41421356237309503
10
59.387500000000003
20
-21.634103253695347
10
59.387500000000003
20
-34.634103253695358
42
-0.41421356237309503
10
58.88750000000001
20
-35.134103253695351
10
45.887500000000003
20
-35.134103253695351
42
-0.41421356237309503
10
45.387500000000003
20
-34.634103253695358
10
45.387500000000003
20
-21.634103253695347
42
-0.41421356237309503
0
LWPOLYLINE
5
129
100
AcDbEntity
8
0
100
AcDbPolyline
90
8
70
1
43
0.0
10
26.837499999999999
20
-21.134103253695351
42
0.41421356237309503
10
26.337499999999999
20
-21.634103253695347
10
26.337499999999999
20
-34.634103253695358
42
0.41421356237309503
10
26.837499999999999
20
-35.134103253695351
10
39.837499999999999
20
-35.134103253695351
42
0.41421356237307944
10
40.337499999999991
20
-34.634103253695358
10
40.337500000000006
20
-21.634103253695347
42
0.41421356237310542
10
39.837499999999999
20
-21.134103253695343
0
LWPOLYLINE
5
130
100
AcDbEntity
8
0
100
AcDbPolyline
90
8
70
1
43
0.0
10
83.487499999999983
20
-34.634103253695358
42
0.41421356237309243
10
83.987499999999997
20
-35.134103253695358
10
96.987500000000011
20
-35.134103253695351
42
0.41421356237310542
10
97.487500000000011
20
-34.634103253695358
10
97.487500000000011
20
-21.634103253695347
42
0.41421356237309243
10
96.987500000000011
20
-21.13410325369534
10
83.987499999999997
20
-21.134103253695351
42
0.41421356237310542
10
83.487499999999983
20
-21.634103253695347
0
LWPOLYLINE
5
131
100
AcDbEntity
8
0
100
AcDbPolyline
90
8
70
1
43
0.0
10
250.67500000000001
20
-2.0841032536953499
42
0.41421356237302542
10
250.17500000000007
20
-2.584103253695349
10
250.17500000000001
20
-15.584103253695352
42
0.41421356237312362
10
250.67500000000001
20
-16.08410325369535
10
263.67500000000001
20
-16.084103253695353
42
0.41421356237307944
10
264.17500000000007
20
-15.58410325369535
10
264.17500000000007
20
-2.5841032536953494
42
0.41421356237313306
10
263.67500000000001
20
-2.0841032536953503
0
LWPOLYLINE
5
132
100
AcDbEntity
8
0
100
AcDbPolyline
90
8
70
1
43
0.0
10
160.1875
20
-21.134103253695351
42
0.41421356237309503
10
159.6875
20
-21.634103253695347
10
159.6875
20
-34.634103253695358
42
0.41421356237309243
10
160.1875
20
-35.134103253695358
10
173.1875
20
-35.134103253695351
42
0.41421356237304563
10
173.68750000000003
20
-34.634103253695358
10
173.68750000000003
20
-21.634103253695347
42
0.41421356237310025
10
173.1875
20
-21.134103253695351
0
LWPOLYLINE
5
133
100
AcDbEntity
8
0
100
AcDbPolyline
90
8
70
1
43
0.0
10
211.28749999999999
20
-35.134103253695351
10
198.28749999999999
20
-35.134103253695372
42
-0.41421356237310025
10
197.78749999999999
20
-34.634103253695358
10
197.78749999999999
20
-21.634103253695347
42
-0.41421356237304563
10
198.28749999999999
20
-21.134103253695351
10
211.28749999999999
20
-21.134103253695351
42
-0.41421356237313145
10
211.78750000000002
20
-21.634103253695347
10
211.78750000000002
20
-34.634103253695358
42
-0.41421356237307683
0
LWPOLYLINE
5
134
100
AcDbEntity
8
0
100
AcDbPolyline
90
8
70
1
43
0.0
10
179.23750000000001
20
-21.134103253695351
42
0.41421356237307683
10
178.73749999999998
20
-21.634103253695347
10
178.73750000000001
20
-34.634103253695358
42
0.41421356237313145
10
179.23750000000001
20
-35.134103253695358
10
192.23750000000001
20
-35.134103253695351
42
0.41421356237304563
10
192.73750000000004
20
-34.634103253695358
10
192.73750000000004
20
-21.634103253695347
42
0.41421356237310025
10
192.23750000000001
20
-21.134103253695351
0
LWPOLYLINE
5
135
100
AcDbEntity
8
0
100
AcDbPolyline
90
8
70
1
43
0.0
10
135.08750000000001
20
-35.134103253695351
10
122.08750000000002
20
-35.134103253695358
42
-0.41421356237309243
10
121.58750000000001
20
-34.634103253695358
10
121.58750000000001
20
-21.634103253695347
42
-0.41421356237310542
10
122.08750000000002
20
-21.134103253695351
10
135.08750000000001
20
-21.134103253695343
42
-0.41421356237307161
10
135.58750000000001
20
-21.634103253695347
10
135.58750000000001
20
-34.634103253695358
42
-0.41421356237307422
0
LWPOLYLINE
5
136
100
AcDbEntity
8
0
100
AcDbPolyline
90
8
70
1
43
0.0
10
230.83750000000003
20
-21.634103253695347
10
230.83750000000006
20
-34.634103253695358
42
-0.41421356237307683
10
230.33750000000001
20
-35.134103253695351
10
217.33750000000001
20
-35.134103253695372
42
-0.41421356237310025
10
216.83750000000001
20
-34.634103253695358
10
216.83750000000001
20
-21.634103253695347
42
-0.41421356237304563
10
217.33750000000001
20
-21.134103253695351
10
230.33750000000001
20
-21.134103253695351
42
-0.41421356237313145
0
LWPOLYLINE
5
137
100
AcDbEntity
8
0
100
AcDbPolyline
90
8
70
1
43
0.0
10
256.53125
20
-35.134103253695351
10
243.53125000000003
20
-35.134103253695351
42
-0.41421356237313145
10
243.03125
20
-34.634103253695358
10
243.03124999999997
20
-21.634103253695347
42
-0.41421356237307683
10
243.53125000000003
20
-21.134103253695351
10
256.53125
20
-21.134103253695329
42
-0.41421356237310025
10
257.03125000000006
20
-21.634103253695347
10
257.03125000000006
20
-34.634103253695358
42
-0.41421356237304563
0
LWPOLYLINE
5
138
100
AcDbEntity
8
0
100
AcDbPolyline
90
8
70
1
43
0.0
10
154.63750000000002
20
-21.634103253695347
42
0.41421356237309243
10
154.13749999999999
20
-21.134103253695343
10
141.13749999999999
20
-21.134103253695351
42
0.41421356237310542
10
140.63749999999999
20
-21.634103253695347
10
140.63749999999999
20
-34.634103253695358
42
0.41421356237309243
10
141.13749999999999
20
-35.134103253695358
10
154.13749999999999
20
-35.134103253695351
42
0.41421356237310542
10
154.63750000000002
20
-34.634103253695358
0
LWPOLYLINE
5
139
100
AcDbEntity
8
0
100
AcDbPolyline
90
8
70
1
43
0.0
10
10.168749999999999
20
-40.184103253695341
10
23.168749999999999
20
-40.184103253695355
42
-0.41421356237309764
10
23.668749999999999
20
-40.684103253695341
10
23.668749999999999
20
-53.684103253695355
42
-0.41421356237309503
10
23.168749999999999
20
-54.184103253695355
10
10.168749999999999
20
-54.184103253695355
42
-0.4142135623730937
10
9.6687499999999993
20
-53.684103253695355
10
9.6687499999999975
20
-40.684103253695341
42
-0.41421356237309764
0
LWPOLYLINE
5
140
100
AcDbEntity
8
0
100
AcDbPolyline
90
8
70
1
43
0.0
10
164.16250000000002
20
-40.684103253695341
10
164.16249999999997
20
-53.684103253695355
42
-0.4142135623730222
10
163.66250000000002
20
-54.184103253695355
10
150.66249999999999
20
-54.184103253695362
42
-0.41421356237309503
10
150.16249999999999
20
-53.684103253695355
10
150.16249999999999
20
-40.684103253695341
42
-0.41421356237310542
10
150.66249999999999
20
-40.184103253695341
10
163.66250000000002
20
-40.184103253695355
42
-0.41421356237312623
0
LWPOLYLINE
5
141
100
AcDbEntity
8
0
100
AcDbPolyline
90
8
70
1
43
0.0
10
106.51250000000002
20
-54.184103253695348
10
93.512500000000003
20
-54.184103253695362
42
-0.41421356237309503
10
93.012499999999989
20
-53.684103253695355
10
93.012499999999989
20
-40.684103253695341
42
-0.41421356237310542
10
93.512500000000003
20
-40.184103253695341
10
106.51250000000002
20
-40.184103253695326
42
-0.41421356237310025
10
107.01250000000002
20
-40.684103253695341
10
107.01250000000002
20
-53.684103253695355
42
-0.41421356237308982
0
LWPOLYLINE
5
142
100
AcDbEntity
8
0
100
AcDbPolyline
90
8
70
1
43
0.0
10
112.0625
20
-53.684103253695355
42
0.41421356237309503
10
112.56250000000001
20
-54.184103253695362
10
125.5625
20
-54.184103253695355
42
0.414213562373069
10
126.06250000000001
20
-53.684103253695355
10
126.06250000000001
20
-40.684103253695341
42
0.41421356237307944
10
125.5625
20
-40.184103253695334
10
112.56250000000001
20
-40.184103253695341
42
0.41421356237310542
10
112.0625
20
-40.684103253695341
0
LWPOLYLINE
5
143
100
AcDbEntity
8
0
100
AcDbPolyline
90
8
70
1
43
0.0
10
36.362499999999997
20
-40.184103253695341
10
49.362500000000004
20
-40.184103253695341
42
-0.41421356237309503
10
49.862499999999997
20
-40.684103253695341
10
49.862499999999997
20
-53.684103253695355
42
-0.41421356237309503
10
49.362500000000004
20
-54.184103253695355
10
36.362499999999997
20
-54.184103253695355
42
-0.41421356237309503
10
35.862500000000004
20
-53.684103253695355
10
35.862499999999997
20
-40.684103253695341
42
-0.41421356237309764
0
LWPOLYLINE
5
144
100
AcDbEntity
8
0
100
AcDbPolyline
90
8
70
1
43
0.0
10
55.412500000000009
20
-40.184103253695341
42
0.41421356237309503
10
54.912500000000009
20
-40.684103253695341
10
54.912500000000009
20
-53.684103253695355
42
0.41421356237309503
10
55.412500000000009
20
-54.184103253695348
10
68.412499999999994
20
-54.184103253695355
42
0.41421356237309503
10
68.912499999999994
20
-53.684103253695355
10
68.912499999999994
20
-40.684103253695341
42
0.41421356237309503
10
68.412499999999994
20
-40.184103253695341
0
LWPOLYLINE
5
145
100
AcDbEntity
8
0
100
AcDbPolyline
90
8
70
1
43
0.0
10
182.71250000000003
20
-54.184103253695348
10
169.71250000000001
20
-54.184103253695355
42
-0.41421356237313145
10
169.21250000000001
20
-53.684103253695355
10
169.21249999999998
20
-40.684103253695341
42
-0.41421356237307422
10
169.71250000000001
20
-40.184103253695341
10
182.71250000000003
20
-40.184103253695355
42
-0.41421356237312623
10
183.21250000000003
20
-40.684103253695341
10
183.21249999999998
20
-53.684103253695355
42
-0.4142135623730222
0
LWPOLYLINE
5
146
100
AcDbEntity
8
0
100
AcDbPolyline
90
8
70
1
43
0.0
10
47.768750000000004
20
-72.734103253695338
42
0.41421356237309503
10
48.268750000000004
20
-73.234103253695338
10
61.268749999999997
20
-73.234103253695338
42
0.41421356237310025
10
61.768749999999997
20
-72.734103253695352
10
61.768749999999997
20
-59.734103253695352
42
0.41421356237310542
10
61.268749999999997
20
-59.234103253695345
10
48.268750000000004
20
-59.234103253695352
42
0.41421356237308982
10
47.768750000000004
20
-59.734103253695345
0
LWPOLYLINE
5
147
100
AcDbEntity
8
0
100
AcDbPolyline
90
8
70
1
43
0.0
10
39.837499999999999
20
-73.234103253695338
42
0.41421356237307944
10
40.337500000000013
20
-72.734103253695338
10
40.337500000000006
20
-59.734103253695352
42
0.41421356237310802
10
39.837499999999999
20
-59.234103253695345
10
26.837499999999999
20
-59.234103253695352
42
0.41421356237309243
10
26.337499999999999
20
-59.734103253695345
10
26.337499999999999
20
-72.734103253695338
42
0.41421356237309764
10
26.837499999999999
20
-73.234103253695338
0
LWPOLYLINE
5
148
100
AcDbEntity
8
0
100
AcDbPolyline
90
8
70
1
43
0.0
10
73.962500000000006
20
-53.684103253695355
42
0.41421356237309503
10
74.462500000000006
20
-54.184103253695355
10
87.46250000000002
20
-54.184103253695355
42
0.414213562373069
10
87.96250000000002
20
-53.684103253695355
10
87.96250000000002
20
-40.684103253695341
42
0.41421356237307944
10
87.46250000000002
20
-40.184103253695341
10
74.462500000000006
20
-40.184103253695341
42
0.41421356237310542
10
73.962500000000006
20
-40.684103253695341
0
LWPOLYLINE
5
149
100
AcDbEntity
8
0
100
AcDbPolyline
90
8
70
1
43
0.0
10
131.61250000000001
20
-40.184103253695341
10
144.61250000000001
20
-40.184103253695326
42
-0.41421356237307944
10
145.11250000000001
20
-40.684103253695341
10
145.11250000000001
20
-53.684103253695355
42
-0.414213562373069
10
144.61250000000001
20
-54.184103253695355
10
131.61250000000001
20
-54.184103253695362
42
-0.41421356237309503
10
131.11250000000001
20
-53.684103253695355
10
131.11250000000001
20
-40.684103253695341
42
-0.41421356237310542
0
LWPOLYLINE
5
150
100
AcDbEntity
8
0
100
AcDbPolyline
90
8
70
1
43
0.0
10
188.76249999999999
20
-40.184103253695341
42
0.4142135623730222
10
188.26250000000002
20
-40.684103253695341
10
188.26249999999999
20
-53.684103253695355
42
0.41421356237312101
10
188.76249999999999
20
-54.184103253695348
10
201.76249999999999
20
-54.184103253695355
42
0.41421356237307422
10
202.26249999999999
20
-53.684103253695355
10
202.26249999999999
20
-40.684103253695341
42
0.41421356237313667
10
201.76249999999999
20
-40.184103253695341
0
LWPOLYLINE
5
151
100
AcDbEntity
8
0
100
AcDbPolyline
90
14
70
1
43
0.0
10
80.099999999999994
20
-58.334103253695346
10
80.099999999999994
20
-59.234103253695345
10
82.699999999999989
20
-59.234103253695338
42
-0.41421356237307944
10
83.200000000000017
20
-59.734103253695352
10
83.200000000000003
20
-72.734103253695352
42
-0.414213562373069
10
82.700000000000017
20
-73.234103253695338
10
69.700000000000003
20
-73.234103253695338
42
-0.41421356237310542
10
69.200000000000003
20
-72.734103253695338
10
69.200000000000003
20
-59.734103253695345
42
-0.41421356237310025
10
69.700000000000003
20
-59.234103253695352
10
72.300000000000011
20
-59.234103253695345
10
72.300000000000011
20
-58.334103253695346
42
-0.41421356237309503
10
72.799999999999997
20
-57.834103253695346
10
79.599999999999994
20
-57.834103253695346
42
-0.41421356237309503
0
LWPOLYLINE
5
152
100
AcDbEntity
8
0
100
AcDbPolyline
90
20
70
1
43
0.0
10
229.43074999999999
20
-55.084103253695332
10
229.43074999999999
20
-54.184103253695348
10
229.24375000000001
20
-54.184103253695355
42
-0.41421356237313145
10
228.74375000000001
20
-53.684103253695355
10
228.74374999999998
20
-40.684103253695341
42
-0.41421356237307422
10
229.24375000000001
20
-40.184103253695341
10
263.67500000000001
20
-40.184103253695334
42
-0.41421356237313667
10
264.17500000000007
20
-40.684103253695341
10
264.17500000000007
20
-53.684103253695355
42
-0.41421356237307422
10
263.67500000000001
20
-54.184103253695355
10
261.10675000000003
20
-54.184103253695348
10
261.10675000000003
20
-55.084103253695346
42
-0.41421356237309503
10
260.60674999999998
20
-55.584103253695346
10
253.80675000000002
20
-55.584103253695346
42
-0.41421356237309503
10
253.30675000000002
20
-55.084103253695332
10
253.30675000000002
20
-54.184103253695326
10
237.23075
20
-54.184103253695326
10
237.23074999999997
20
-55.084103253695346
42
-0.41421356237309503
10
236.73074999999997
20
-55.584103253695346
10
229.93075000000005
20
-55.584103253695375
42
-0.41421356237309503
0
LWPOLYLINE
5
153
100
AcDbEntity
8
0
100
AcDbPolyline
90
130
70
1
43
0.0
10
267.97500000000002
20
-74.784103253695349
10
267.97500000000002
20
-0.53410325369534384
42
0.41421356237310042
10
265.72499999999997
20
1.7158967463046406
10
261.01657378119404
20
1.7158967463046477
42
0.17798124856722916
10
260.04504016865747
20
1.3587538851070613
42
-0.36760731341565461
10
256.54751914422326
20
1.358753885107066
42
0.17798124856722838
10
255.57598553168668
20
1.7158967463046659
10
253.79632034355956
20
1.7158967463046455
42
-0.19891236737966123
10
252.73566017177973
20
2.1552365745248387
10
251.08933982822015
20
3.8015569180844859
42
0.19891236737966192
10
250.02867965644032
20
4.2408967463046796
10
249.14999999999998
20
4.2408967463046734
42
0.41421356237311585
10
248.65000000000003
20
3.7408967463046752
10
248.64999999999998
20
1.9408967463046365
42
-0.99999999999999989
10
246.65000000000003
20
1.940896746304668
10
246.64999999999998
20
3.7408967463046756
42
0.41421356237311552
10
246.14999999999998
20
4.2408967463047178
10
245.27132034355952
20
4.2408967463046618
42
0.19891236737964896
10
244.21066017177975
20
3.8015569180844686
10
242.56433982822017
20
2.155236574524845
42
-0.19891236737966828
10
241.50367965644028
20
1.7158967463046493
10
184.81664044786075
20
1.7158967463046477
42
0.17798124856724057
10
183.8451068353242
20
1.3587538851070682
42
-0.36760731341567016
10
180.34758581088988
20
1.3587538851070635
42
0.17798124856724065
10
179.37605219835331
20
1.7158967463046375
10
177.59632034355968
20
1.7158967463046459
42
-0.19891236737966123
10
176.53566017177982
20
2.1552365745248387
10
174.88933982822019
20
3.8015569180844864
42
0.19891236737966178
10
173.82867965644036
20
4.2408967463046796
10
172.94999999999999
20
4.2408967463046734
42
0.41421356237311585
10
172.45000000000002
20
3.7408967463046752
10
172.45000000000005
20
1.940896746304672
42
-0.99999999999999989
10
170.45000000000002
20
1.940896746304668
10
170.45000000000002
20
3.7408967463046756
42
0.41421356237311552
10
169.94999999999999
20
4.2408967463047533
10
169.07132034355951
20
4.2408967463046618
42
0.19891236737964896
10
168.01066017177973
20
3.8015569180844686
10
166.36433982822018
20
2.1552365745248503
42
-0.19891236737966331
10
165.30367965644035
20
1.7158967463046499
10
140.61289814739058
20
1.7158967463046477
42
0.30806918728223975
10
139.21736957369529
20
0.76589674630464799
42
-0.30806918728223909
10
137.82184100000001
20
-0.18410325369535324
10
128.88184100000001
20
-0.18410325369535074
42
-0.30806918728223853
10
127.48631242630472
20
0.76589674630464599
42
0.30806918728224558
10
126.09078385260943
20
1.7158967463046464
10
101.39632034355962
20
1.7158967463046522
42
-0.19891236737965776
10
100.33566017177981
20
2.1552365745248299
10
98.68933982822017
20
3.8015569180844855
42
0.19891236737966195
10
97.62867965644034
20
4.2408967463046796
10
96.749999999999972
20
4.2408967463046734
42
0.41421356237311585
10
96.25
20
3.7408967463046752
10
96.25
20
1.9408967463046698
42
-0.99999999999999989
10
94.250000000000043
20
1.9408967463046702
10
94.25
20
3.7408967463046756
42
0.41421356237311552
10
93.75
20
4.2408967463047178
10
92.871320343559503
20
4.2408967463046618
42
0.19891236737964896
10
91.810660171779745
20
3.8015569180844686
10
90.164339828220193
20
2.1552365745248467
42
-0.19891236737966261
10
89.103679656440349
20
1.7158967463046493
10
87.323907114527429
20
1.7158967463046477
42
0.1779812485672409
10
86.35237350199084
20
1.3587538851070466
42
-0.36760731341567043
10
82.85485247755652
20
1.3587538851070464
42
0.1779812485672406
10
81.88331886501993
20
1.7158967463046544
10
25.196320343559631
20
1.7158967463046513
42
-0.19891236737966053
10
24.135660171779797
20
2.1552365745248365
10
22.489339828220171
20
3.8015569180844859
42
0.19891236737966081
10
21.428679656440345
20
4.2408967463046743
10
20.549999999999979
20
4.2408967463046734
42
0.41421356237311585
10
20.050000000000018
20
3.7408967463046752
10
20.04999999999999
20
1.9408967463046702
42
-0.99999999999999989
10
18.050000000000033
20
1.9408967463046698
10
18.049999999999997
20
3.7408967463046756
42
0.41421356237311552
10
17.54999999999999
20
4.2408967463047178
10
16.671320343559501
20
4.2408967463046618
42
0.19891236737964785
10
15.61066017177974
20
3.8015569180844677
10
13.964339828220172
20
2.1552365745248454
42
-0.19891236737966145
10
12.903679656440339
20
1.7158967463046495
10
11.123973781194101
20
1.7158967463046477
42
0.17798124856723921
10
10.15244016865751
20
1.3587538851070466
42
-0.3676073134156761
10
6.6549191442231432
20
1.3587538851070473
42
0.17798124856723885
10
5.6833855316865556
20
1.7158967463046499
10
0.9750000000000103
20
1.7158967463046477
42
0.41421356237309476
10
-1.2749999999999908
20
-0.53410325369535028
10
-1.274999999999995
20
-74.784103253695349
42
0.41421356237309664
10
0.9750000000000375
20
-77.034103253695335
10
5.6833855316865822
20
-77.034103253695349
42
0.177981248567224
10
6.6549191442231601
20
-76.676960392497733
42
-0.36760731341568031
10
10.152440168657563
20
-76.676960392497733
42
0.17798124856723871
10
11.123973781194181
20
-77.034103253695349
10
36.716179656440389
20
-77.034103253695335
42
-0.19891236737966078
10
37.776839828220218
20
-77.473443081915519
10
39.423160171779813
20
-79.119763425475156
42
0.19891236737965021
10
40.483820343559636
20
-79.559103253695341
10
41.362500000000026
20
-79.559103253695355
42
0.41421356237311585
10
41.862499999999976
20
-79.059103253695341
10
41.862500000000011
20
-77.259103253695358
42
-0.99999999999999989
10
43.862499999999969
20
-77.259103253695358
10
43.862500000000004
20
-79.059103253695341
42
0.41421356237311585
10
44.362500000000011
20
-79.559103253695383
10
45.241179656440508
20
-79.559103253695341
42
0.19891236737965703
10
46.30183982822026
20
-79.119763425475142
10
47.948160171779847
20
-77.473443081915519
42
-0.19891236737966123
10
49.008820343559677
20
-77.034103253695335
10
81.883318865019902
20
-77.034103253695349
42
0.17798124856723146
10
82.854852477556506
20
-76.676960392497747
42
-0.36760731341568498
10
86.352373501990925
20
-76.676960392497733
42
0.17798124856723638
10
87.323907114527529
20
-77.034103253695363
10
179.37605219835319
20
-77.034103253695349
42
0.17798124856723863
10
180.3475858108898
20
-76.676960392497733
42
-0.36760731341569147
10
183.84510683532426
20
-76.676960392497733
42
0.17798124856723774
10
184.81664044786086
20
-77.034103253695378
10
217.69117965644034
20
-77.034103253695335
42
-0.19891236737966239
10
218.7518398282202
20
-77.473443081915519
10
220.39816017177975
20
-79.119763425475156
42
0.19891236737965801
10
221.45882034355961
20
-79.559103253695341
10
222.33750000000001
20
-79.559103253695355
42
0.41421356237311585
10
222.83749999999998
20
-79.059103253695341
10
222.83749999999998
20
-77.259103253695386
42
-0.99999999999999989
10
224.83749999999992
20
-77.259103253695358
10
224.83749999999998
20
-79.059103253695341
42
0.41421356237311585
10
225.33749999999998
20
-79.559103253695383
10
226.21617965644046
20
-79.559103253695341
42
0.19891236737965734
10
227.2768398282202
20
-79.119763425475142
10
228.92316017177978
20
-77.473443081915519
42
-0.1989123673796602
10
229.98382034355961
20
-77.034103253695335
10
255.57598553168648
20
-77.034103253695349
42
0.17798124856724132
10
256.54751914422314
20
-76.676960392497719
42
-0.36760731341569269
10
260.04504016865758
20
-76.676960392497719
42
0.17798124856724035
10
261.01657378119421
20
-77.034103253695363
10
265.72499999999997
20
-77.034103253695349
42
0.41421356237310197
0
ENDSEC
0
SECTION
2
OBJECTS
0
DICTIONARY
5
C
100
AcDbDictionary
3
ACAD_GROUP
350
D
3
ACAD_MLINESTYLE
350
17
0
DICTIONARY
5
D
100
AcDbDictionary
0
DICTIONARY
5
1A
330
C
100
AcDbDictionary
0
DICTIONARY
5
17
100
AcDbDictionary
0
ENDSEC
0
EOF
